00000000000000000000000000000000000000000000000000000
00000000000000000000000000000000000000000000000000000
00000000000000000000000000000000000000000000000000000
00000000000000000000000000000000000000000000000000000
00000000000000000000000000000000000000000000000000000
00000000000000000000000000000000000000000000000000000
00000000000000000000000000000000000000000000000000000
00000000000000000000000000000000000000000000000000000
00000000000000000000000000000000000000000000000000000
00000000000000000000000000000000000000000000000000000
00000000000000000000000000000000000000000000000000000
00000000000000000000000000000000000000000000000000000
00000000000000000000000000000000000000000000000000000
00000000000000000000000000000000000000000000000000000
00000000000000000000000000000000000000000000000000000
00000000000000000000000000000000000000000000000000000
00000000000000000000000000000000000000000000000000000
00000000000000000000000000000000000000000000000000000
00000000000000000000033330033333000000000000000000000
00000000000000000000330033330003300000000000000000000
00000000000000000000300000000000300000000000000000000
00000000000000000000300000000000330000000000000000000
00000000000000000003300001010000030000000000000000000
00000000000000000003000200000200030000000000000000000
00000000000000000003000000000000030000000000000000000
00000000000000000033001002220010030000000000000000000
00000000000000000030000002220000030000000000000000000
00000000000000000030001002220010030000000000000000000
00000000000000000030000000000000030000000000000000000
00000000000000000033000200000200030000000000000000000
00000000000000000003300001010000030000000000000000000
00000000000000000000300000000000330000000000000000000
00000000000000000000330100000000300000000000000000000
00000000000000000000300000033333300000000000000000000
00000000000000000000300003330000000000000000000000000
00000000000000000000333333000000000000000000000000000
00000000000000000000000000000000000000000000000000000
00000000000000000000000000000000000000000000000000000
00000000000000000000000000000000000000000000000000000
00000000000000000000000000000000000000000000000000000
00000000000000000000000000000000000000000000000000000
00000000000000000000000000000000000000000000000000000
00000000000000000000000000000000000000000000000000000
00000000000000000000000000000000000000000000000000000
00000000000000000000000000000000000000000000000000000
00000000000000000000000000000000000000000000000000000
00000000000000000000000000000000000000000000000000000
00000000000000000000000000000000000000000000000000000
00000000000000000000000000000000000000000000000000000
00000000000000000000000000000000000000000000000000000
00000000000000000000000000000000000000000000000000000
00000000000000000000000000000000000000000000000000000
00000000000000000000000000000000000000000000000000000