00000000000000000000000000000000000000000000000000000
00000000000000000000000000000000000000000000000000000
00000000000000000000000000000000000000000000000000000
00000000000000000000000000000000000000000000000000000
00000000000000000000000000000000000000000000000000000
00000000000000000000000000000000000000000000000000000
00000000000000000000000000000000000000000000000000000
00000000000000000000000000000000000000000000000000000
00000000000000000000000000000000000000000000000000000
00000000000000000000000000000000000000000000000000000
00000000000000000000000000000000000000000000000000000
00000000000000000000000000000000000000000000000000000
00000000000000000000000000000000000000000000000000000
00000000000000000000000000000000000000000000000000000
00000000000000000000000000000000000000000000000000000
00000000000000000000000000000000000000000000000000000
00000000000000000000011111000000111100000000000000000
00000000000000000000110001011111100100000000000000000
00000000000011111111101011110100001100000000000000000
00000000000010010001000000000000001100000000000000000
00000000011111000010000001000000000110000000000000000
00000000010000100000000000000000000011000000000000000
00000000010100001000000001010000000001000000000000000
00000000011111000000000200000200000001000000000000000
00000000000001000000000000000000000011000000000000000
00000000000001100000001002220010000010000000000000000
00000000000000110000000002220000000010000000000000000
00000000000000100000001002220010000110000000000000000
00000000000000110000000000000000001100000000000000000
00000000000000100100000200000200001000000000000000000
00000000000000111100000001010000001000000000000000000
00000000000000001000000000000001101000000000000000000
00000000000000001111000000000000011000000000000000000
00000000000000000001110010000010110000000000000000000
00000000000000000000100000000111100000000000000000000
00000000000000000000111100110010000000000000000000000
00000000000000000000000111111010000000000000000000000
00000000000000000000000000001110000000000000000000000
00000000000000000000000000000000000000000000000000000
00000000000000000000000000000000000000000000000000000
00000000000000000000000000000000000000000000000000000
00000000000000000000000000000000000000000000000000000
00000000000000000000000000000000000000000000000000000
00000000000000000000000000000000000000000000000000000
00000000000000000000000000000000000000000000000000000
00000000000000000000000000000000000000000000000000000
00000000000000000000000000000000000000000000000000000
00000000000000000000000000000000000000000000000000000
00000000000000000000000000000000000000000000000000000
00000000000000000000000000000000000000000000000000000
00000000000000000000000000000000000000000000000000000
00000000000000000000000000000000000000000000000000000
00000000000000000000000000000000000000000000000000000