33333333333333333333333333333333333333333333333333333
33333333333333333333333333333333333333333333333333333
33333333333333333333333333333333333333333333333333333
33333333333333333333333333333333333333333333333333333
33333333333333333333333333333333333333333333333333333
33333333333333333333333333333333333333333333333333333
33333333333333333333333333333333333333333333333333333
33333333333333333333333333333333333333333333333333333
33333333033333333333333333333333333333333333333333333
33333333033333333333333333333333333333333303333333333
33333333033333333333333333333333333333333303333333333
33333333033333333133333333333333333333333303333333333
33333333033333330000003333333333333313333303333333333
33333333033333333033000003333333333000333303333333333
33333333033333333033333001333333000003333303333333333
33333333033333333003333303333333003333333303333333333
33333330003333333003333333333333033333333003333333333
33333310003333333303333333333333003333331001333333333
33000000000000033303333333000000000000000000000333333
33333310010330000000333333003330000333333003330333333
33333330003333333313333333033333103333333333333333333
33333333033330033333333333033333333333333333333333333
33333333003300003333333301010333333333333333333033333
33333333000000100033333200000233333333333333333033333
33333333333330030033330000000000003333333333333033333
33333333333333033003331002220013000003331333333033333
33333333333330033000000002220003333000000033333033333
33333333330000033333331002220013333333300330000000000
33333333330033333333330000000000033333303330033133333
33333333330333333333333200000230033333303330333333333
33333333300033333333333301010333003303303330333333333
33333333330333333333333333033333000001303330333333333
33333333330333333333333333033333333303300330333333333
33333333330333333333333333033333333003300000133333333
33333333330333333333333333033300000003333330333333333
33333333330333333033333330033300333333333330333333333
33333333330333000000000000033303333333333330333333333
33333333330333003133333333333303333333333330333333333
33333333330330033333333300000001333333313300333333333
33333333310000033333333300333303333333000000333333333
33333333330333333333333303333333333333303333333333333
33333333333333333333333331333333333333303333333333333
33333333333333333333333333333333333333303333333333333
33333333333333333333333333333333333333303333333333333
33333333333333333333333333333333333333303333333333333
33333333333333333333333333333333333333303333333333333
33333333333333333333333333333333333333303333333333333
33333333333333333333333333333333333333303333333333333
33333333333333333333333333333333333333333333333333333
33333333333333333333333333333333333333333333333333333
33333333333333333333333333333333333333333333333333333
33333333333333333333333333333333333333333333333333333
33333333333333333333333333333333333333333333333333333
