00000000000000000000000000000000000000000000000000000
00000000000000000000000000000000000000000000000000000
00000000000000000000000000000000000000000000000000000
00000000000000000000000000000000000000000000000000000
00000000000000000000000000000000000000000000000000000
00000000000000000000000000000000000000000000000000000
00000000000000000000000000000000000000000000000000000
00000000000000000000000000000000000000000000000000000
00000000000000000000001110000000000000000000000000000
00000000000000011110001010000000000000000000000000000
00000000000000112210011010000000000000000000000000000
00000000000000102210012210000000000000000000000000000
00000000000000100010012210011111100000000000000000000
00000000000001100111111011110110110000001110000000000
00000000011111000010110012210110211000011011100000000
00000000110110000000210002210000001000010000110000000
00000000102200000000000000100000001111010111010000000
00111111112200011110000000000020000221111111110000000
01101011112200011110000000000211111220000001110000000
01000001112200001110000000000211111200000000011110000
01000000000000011110000000000011111202011000002210000
11000111000000011100000000000000000000011000222210000
10011111100022000000000001010000000000000000222210000
00011111100022000000000200000200000000002220002211000
00011111100221111100000000000000000000021110000221000
00000111100221111100001002220010000001111111000221100
12200002200001111100000002220000000001111111000000100
12200000000000011100001002220010000000011120000000100
11010000002200000000000000000000000000002000011100100
01110000211100000000000200000200000011122000011100110
00010000211100000000000001010000000011122000221100010
00010000111100111100000000000000000011111000220000011
00110000111102111100000020002000000011111000000112201
00100000111101111100000000000000000001111220000102211
01101110111001111100000000000000000000000220000001110
11001110000001111120000020002000000000011110001111000
10021112000011000000000000000000000220011112001000000
11000000000000000000010000000000220220011110001110000
01220000000000022000220200222200211120011120000011000
01121110000011112200220000222200111100020000011001000
00111012200011112200111011112200111122000000011111000
00000012200011111000111111112200111120000220010000000
00000011000011111200111111110000000200000220010000000
00000011000021111200111001110000000000100000010000000
00000010000021110000000000210001110001110000110000000
00000011000001110000111200000001110000111111111000000
00000011000000000011101110000001110000111111001000000
00000010011200001110000010011000000000000000001000000
00000011011011111000000110011000000011000111011000000
00000001000010000000000100000111110111011101110000000
00000001100010000000000110011100011101110000000000000
00000000111010000000000011110000000000000000000000000
00000000001110000000000000000000000000000000000000000