00000000000000000000000000000000000000000000000000000
00000000000000000000000000000000000000000000000000000
00000000000000000000000000000000000000000000000000000
00000000000000000000000000000000000000000000000000000
00000000000000000000000000000000000000000000000000000
00000000000000000000000000000000000000000000000000000
00000000000000000000000000000000000000000000000000000
00000000000000000000000000000000000000000000000000000
00000000000000000000000000000000000000000000000000000
00000000000000000000000000000000000000000000000000000
00000000000000000000000000000000000000000000000000000
00000000000000000000000000000000000000000000000000000
00000000000000000000000033333330000000000000000000000
00000000000000333333000030000030000000000000000000000
00000000000000300003333330000030000000000000000000000
00000000000000300000000000011033300000000000000000000
00000000000000301100001111000010330000000000000000000
00000000000000300001001100001000033300000000000000000
00000000000000330100000000000100000333000000000000000
00000000000000030000000000000000100003000000000000000
00000000000000031100000000000000001003000000000000000
00000000000000001100020000000002000113000000000000000
00000000000000001111000001010000001110000000000000000
00000000000000001111000200000200011100000000000000000
00000000000000001100000000000000100100000000000000000
00000000000000001100001002220010000100000000000000000
00000000000000011000000002220000001100000000000000000
00000000000000011000001002220010011130000000000000000
00000000000000001100000000000000000030000000000000000
00000000000000001100000200000200000330000000000000000
00000000000000011000000001010000101300000000000000000
00000000000000001101020000000002000300000000000000000
00000000000000001100000110110000011300000000000000000
00000000000000011110100110110111111000000000000000000
00000000000000110113300030010111101000000000000000000
00000000000000111000333333333100110000000000000000000
00000000000000000000000000000000110000000000000000000
00000000000000000000000000000001000000000000000000000
00000000000000000000000000000000000000000000000000000
00000000000000000000000000000000000000000000000000000
00000000000000000000000000000000000000000000000000000
00000000000000000000000000000000000000000000000000000
00000000000000000000000000000000000000000000000000000
00000000000000000000000000000000000000000000000000000
00000000000000000000000000000000000000000000000000000
00000000000000000000000000000000000000000000000000000
00000000000000000000000000000000000000000000000000000
00000000000000000000000000000000000000000000000000000
00000000000000000000000000000000000000000000000000000
00000000000000000000000000000000000000000000000000000
00000000000000000000000000000000000000000000000000000
00000000000000000000000000000000000000000000000000000
00000000000000000000000000000000000000000000000000000