00000000000000000000000000000000000000000000000000000
00000000000000000000000000000000000000000000000000000
00000000000000000000000000000000000000000000000000000
00000000000000000000000000000000000000000000000000000
00000000000000000000000000000000000000000000000000000
00000000000000000000000000000000000000000000000000000
00000000000000000000000000000000000000000000000000000
00000000000000000000000000000000000000000000000000000
00000000000000000000000000000000000000000000000000000
00000000000000000000000000000000000000000000000000000
00000000000000000000000000000000000000000000000000000
00000000000000000000000000000000000000000000000000000
00000000000000000011101110000000000000000000000000000
00000000000111111110111011111110000000000000000000000
00000000001101010100700000100011000000000000000000000
00000001111000840040000000000001111000000000000000000
00000001010000000000400001010040101110000000000000000
00000011000000100055400000000065001010000000000000000
00000010554000000000000000000000000811000000000000000
00000110004000040000000000000000000001100000000000000
00001100000000040000010000000001000400111100000000000
01111000700075565000000000000000000650400100000000000
01010000010000000001000001010000010000000100000000000
01000005540000000000000200000200000000501100000000000
01100000000050700000000000000000000000400111000000000
01000000000400001000001002220010000010008001000000000
01100000110400400000000002220000000000000001000000000
01100001110655001000001002220010000010000001000000000
01000000100004000000000000000000000000004011000000000
01100505000004000000000200000200000000056010000000000
01000010400000000000000001010000010000100110000000000
01104000005550000001000000000000000000000810000000000
00104550000000004000000000000001000000400011000000000
00111004000000554000010000000000000855405001000000000
00001111110000400040000000000000000000400411000000000
00000000011000700040855000000005070000000010000000000
00000000001110010010000001010554000008600110000000000
00000000000011111111000070000004000000001100000000000
00000000000000000001550000000000000005511000000000000
00000000000000000001004540000400000000001000000000000
00000000000000000001110000000055010000001000000000000
00000000000000000000011505070000400001001100000000000
00000000000000000000110000000000400050105100000000000
00000000000000000000100000000500050800000100000000000
00000000000000000000111000010004000041001100000000000
00000000000000000000001100000000000440011000000000000
00000000000000000000000100040004000401110000000000000
00000000000000000000000111040000010411000000000000000
00000000000000000000000001110010111110000000000000000
00000000000000000000000000011111100000000000000000000
00000000000000000000000000000000000000000000000000000
00000000000000000000000000000000000000000000000000000
00000000000000000000000000000000000000000000000000000