00000000000000000000000000000000000000000000000000000
00000000000000000000000000000000000000000000000000000
00000000000000000000000000000000000000000000000000000
00000000000000000000000000000000000000000000000000000
00000000000000000000000000000000000000000000000000000
00000000000000000000000000000000000000000000000000000
00000000000000000000000000000000000000000000000000000
00000000000000000000000000000000000000000000000000000
00000000000000000000000000000000000000000000000000000
00000000000000000000000000000000000000000000000000000
00000000000000000000000000000000000000000000000000000
00000000000000000000000000000000000000000000000000000
00000000000000000000000000000000000000000000000000000
00000000000000000000000000000000000000000000000000000
00000000000000000000000000000000000000000000000000000
00000000000000000000000033330000000000000000000000000
00000000000000000000003330033330000000000000000000000
00000000000000000000033000000033300000000000000000000
00000000000000000033330000000000330000000000000000000
00000000000000000330000220020200033000000000000000000
00000000000000000300000000000200003000000000000000000
00000000000000003302000000000000203300000000000000000
00000000000000003000000001010000000330000000000000000
00000000000000003000000200000200020233000000000000000
00000000000000033000000000000000200003000000000000000
00000000000000030002001002220010000033000000000000000
00000000000000030000000002220000000030000000000000000
00000000000000030022001002220010200030000000000000000
00000000000000030000000000000000000030000000000000000
00000000000000033002000200000200000330000000000000000
00000000000000003300000001010000000300000000000000000
00000000000000000330000000000000003300000000000000000
00000000000000000033020000000000003000000000000000000
00000000000000000003300000100000033000000000000000000
00000000000000000000330000000000030000000000000000000
00000000000000000000030033303333330000000000000000000
00000000000000000000033330333000000000000000000000000
00000000000000000000000000000000000000000000000000000
00000000000000000000000000000000000000000000000000000
00000000000000000000000000000000000000000000000000000
00000000000000000000000000000000000000000000000000000
00000000000000000000000000000000000000000000000000000
00000000000000000000000000000000000000000000000000000
00000000000000000000000000000000000000000000000000000
00000000000000000000000000000000000000000000000000000
00000000000000000000000000000000000000000000000000000
00000000000000000000000000000000000000000000000000000
00000000000000000000000000000000000000000000000000000
00000000000000000000000000000000000000000000000000000
00000000000000000000000000000000000000000000000000000
00000000000000000000000000000000000000000000000000000
00000000000000000000000000000000000000000000000000000
00000000000000000000000000000000000000000000000000000