00000000000000000000000000000000000000000000000000000
00000000000000000000000000000000000000000000000000000
00000000000000000000000000000000000000000000000000000
00000000000000000000000000000000000000000000000000000
00000000000000000000000000000000000000000000000000000
00000000000000000000000000000000000000000000000000000
00000000000000000000000000000000000000000000000000000
00000000000000000000000000000000000000000000000000000
00000000000000000000000000000000000000000000000000000
00000000000000000000000000000000000000000000000000000
00000000000000000000000000000000000000000000000000000
00000000000000000000000000000000000000000000000000000
00000000000000000000000000000000000000000000000000000
00000000000000000000000000000000000000000000000000000
00000000000000000000000000000000000000000000000000000
00000000000000000000000000000000000000000000000000000
00000000000000000000000000333300000000000000000000000
00000000000000000000000033300333000033333300000000000
00000000000000003333000330000003303330000300000000000
00000000000000033003333300000000333000000300000000000
00000000000000030000330000000000330000033300000000000
00000000000000030000000000000000333000030000000000000
00000000000000033000000001010000033300033000000000000
00000000000000003300000200000200033330003300000000000
00000000000000000300000000000000003333300300000000000
00000000000000003300001002220010000333300330000000000
00000000000000003000000002220000000033300033000000000
00000000000000003300001002220010000000000003000000000
00000000000000000330000000000000000000000033000000000
00000000000000000033000200000200000000000030000000000
00000000000000000003000001010000000001000330000000000
00000000000000000033000000000000000000003300000000000
00000000000000000030000000000000000000033000000000000
00000000000000000033003300000000000000030000000000000
00000000000000000003333300333000000000330000000000000
00000000000000000000000330303300000003300000000000000
00000000000000000000000033300300000003000000000000000
00000000000000000000000000003300000033000000000000000
00000000000000000000000000033000033330000000000000000
00000000000000000000000000030000330000000000000000000
00000000000000000000000000030033300000000000000000000
00000000000000000000000000033330000000000000000000000
00000000000000000000000000000000000000000000000000000
00000000000000000000000000000000000000000000000000000
00000000000000000000000000000000000000000000000000000
00000000000000000000000000000000000000000000000000000
00000000000000000000000000000000000000000000000000000
00000000000000000000000000000000000000000000000000000
00000000000000000000000000000000000000000000000000000
00000000000000000000000000000000000000000000000000000
00000000000000000000000000000000000000000000000000000
00000000000000000000000000000000000000000000000000000
00000000000000000000000000000000000000000000000000000